 -1 41 142 98 81 111 52 74 11 41 143 100 46 71 86 101 15 102 142 50 45 72 83 95 14 97 47 61 42 43 41 106 16 96 46 61
 41 -1 132 96 85 107 47 73 43 12 136 100 59 66 79 98 42 99 139 30 61 67 75 94 41 96 43 69 58 22 25 101 42 96 41 70
 142 132 -1 150 125 166 145 127 146 139 23 155 135 137 126 153 145 122 34 147 134 135 125 150 142 160 138 130 136 136 144 118 143 159 138 131
 98 96 150 -1 125 87 105 105 98 98 153 24 98 99 128 29 101 126 161 103 101 100 127 31 99 79 110 113 104 99 100 122 100 78 110 113
 81 85 125 125 -1 134 84 90 84 86 127 130 59 100 69 129 85 123 127 97 53 100 67 126 82 124 91 41 56 85 91 124 83 125 90 45
 111 107 166 87 134 -1 133 112 119 115 163 72 107 103 149 86 118 116 169 127 110 101 146 62 110 33 123 118 108 114 117 110 113 35 123 118
 52 47 145 105 84 133 -1 77 50 46 136 111 57 74 54 112 53 99 135 53 59 75 53 112 54 117 40 70 58 50 46 104 52 117 38 72
 74 73 127 105 90 112 77 -1 78 69 127 111 88 34 90 104 72 100 129 77 87 33 88 103 71 112 69 83 84 68 63 101 71 112 69 82
 11 43 146 98 84 119 50 78 -1 41 141 100 49 74 85 104 19 101 139 49 45 75 83 97 20 101 48 66 44 46 40 106 19 101 48 65
 41 12 139 98 86 115 46 69 41 -1 143 102 61 65 76 101 41 95 142 29 62 65 72 99 41 100 42 72 60 20 23 99 40 100 40 74
 143 136 23 153 127 163 136 127 141 143 -1 155 135 136 130 152 134 122 33 146 136 133 129 150 142 159 131 130 139 138 138 117 140 158 131 132
 100 100 155 24 130 72 111 111 100 102 155 -1 102 99 137 28 105 129 160 109 102 100 136 33 100 64 119 119 106 107 109 122 101 64 118 118
 46 59 135 98 59 107 57 88 49 61 135 102 -1 79 101 104 52 125 139 70 17 79 99 100 49 98 79 44 23 65 68 124 51 98 78 40
 71 66 137 99 100 103 74 34 74 65 136 99 79 -1 101 96 72 108 137 72 79 18 99 95 70 102 78 88 77 65 65 103 71 101 76 87
 86 79 126 128 69 149 54 90 85 76 130 137 101 101 -1 134 84 102 132 78 95 102 17 136 85 146 69 89 95 72 76 108 83 144 68 88
 101 98 153 29 129 86 112 104 104 101 152 28 104 96 134 -1 105 123 159 110 107 95 132 24 102 81 115 118 107 105 107 116 103 80 114 118
 15 42 145 101 85 118 53 72 19 41 134 105 52 72 84 105 -1 101 135 52 49 72 81 100 16 101 50 66 46 41 41 105 15 101 49 66
 102 99 122 126 123 116 99 100 101 95 122 129 125 108 102 123 101 -1 124 97 126 110 100 122 102 118 93 121 125 94 90 30 100 119 92 126
 142 139 34 161 127 169 135 129 139 142 33 160 139 137 132 159 135 124 -1 143 139 134 130 157 143 168 131 131 141 139 136 120 140 168 131 132
 50 30 147 103 97 127 53 77 49 29 146 109 70 72 78 110 52 97 143 -1 69 76 77 109 54 115 52 82 70 30 24 101 54 116 51 84
 45 61 134 101 53 110 59 87 45 62 136 102 17 79 95 107 49 126 139 69 -1 79 94 104 48 101 70 38 22 64 67 127 48 102 68 35
 72 67 135 100 100 101 75 33 75 65 133 100 79 18 102 95 72 110 134 76 79 -1 100 94 71 101 81 88 76 67 65 107 72 100 80 88
 83 75 125 127 67 146 53 88 83 72 129 136 99 99 17 132 81 100 130 77 94 100 -1 134 82 143 64 85 93 68 72 107 80 142 62 84
 95 94 150 31 126 62 112 103 97 99 150 33 100 95 136 24 100 122 157 109 104 94 134 -1 95 57 117 115 103 103 106 115 96 56 117 115
 14 41 142 99 82 110 54 71 20 41 142 100 49 70 85 102 16 102 143 54 48 71 82 95 -1 97 50 63 43 40 41 104 11 97 49 63
 97 96 160 79 124 33 117 112 101 100 159 64 98 102 146 81 101 118 168 115 101 101 143 57 97 -1 121 109 100 108 110 116 98 22 121 110
 47 43 138 110 91 123 40 69 48 42 131 119 79 78 69 115 50 93 131 52 70 81 64 117 50 121 -1 73 64 44 42 97 49 121 17 75
 61 69 130 113 41 118 70 83 66 72 130 119 44 88 89 118 66 121 131 82 38 88 85 115 63 109 73 -1 40 75 77 127 64 110 73 19
 42 58 136 104 56 108 58 84 44 60 139 106 23 77 95 107 46 125 141 70 22 76 93 103 43 100 64 40 -1 61 65 127 44 100 62 37
 43 22 136 99 85 114 50 68 46 20 138 107 65 65 72 105 41 94 139 30 64 67 68 103 40 108 44 75 61 -1 24 97 41 107 43 75
 41 25 144 100 91 117 46 63 40 23 138 109 68 65 76 107 41 90 136 24 67 65 72 106 41 110 42 77 65 24 -1 93 40 111 41 79
 106 101 118 122 124 110 104 101 106 99 117 122 124 103 108 116 105 30 120 101 127 107 107 115 104 116 97 127 127 97 93 -1 102 117 97 127
 16 42 143 100 83 113 52 71 19 40 140 101 51 71 83 103 15 100 140 54 48 72 80 96 11 98 49 64 44 41 40 102 -1 98 49 63
 96 96 159 78 125 35 117 112 101 100 158 64 98 101 144 80 101 119 168 116 102 100 142 56 97 22 121 110 100 107 111 117 98 -1 121 110
 46 41 138 110 90 123 38 69 48 40 131 118 78 76 68 114 49 92 131 51 68 80 62 117 49 121 17 73 62 43 41 97 49 121 -1 74
 61 70 131 113 45 118 72 82 65 74 132 118 40 87 88 118 66 126 132 84 35 88 84 115 63 110 75 19 37 75 79 127 63 110 74 -1