-1 91 97 106 79 108 116 113 41 93 99 107 78 117 119 86 80 116 104 82 77 114 120 88 42 103 95 75 79 116 106 82 51 102 98 75
 91 -1 91 88 82 92 97 98 88 40 93 90 79 99 105 84 76 94 89 82 78 95 105 86 89 87 56 79 74 96 89 83 92 85 51 79
 97 91 -1 100 83 104 101 106 98 91 41 101 78 109 108 88 81 102 98 85 78 107 111 88 91 102 91 81 80 101 98 86 94 100 93 81
 106 88 100 -1 92 52 116 109 103 89 99 42 91 110 123 93 91 118 48 92 92 110 126 92 100 48 89 93 91 119 46 88 100 44 88 94
 79 83 83 93 -1 101 99 89 77 85 84 92 48 94 99 84 55 99 93 81 49 91 99 86 71 102 85 45 52 100 93 81 73 99 88 46
 108 92 104 52 99 -1 117 113 105 93 104 49 98 109 125 95 95 118 51 94 97 108 128 96 103 42 94 98 94 119 51 91 103 44 92 98
 116 97 101 116 99 117 -1 105 113 97 100 118 96 107 64 111 98 55 113 109 96 102 63 111 114 115 92 94 98 61 112 109 115 113 96 95
 113 98 106 109 89 113 105 -1 111 100 107 109 93 49 109 112 92 104 111 111 90 49 110 114 110 110 100 88 91 105 109 110 112 107 102 90
 41 88 96 103 77 105 113 111 -1 91 97 104 77 115 117 85 80 113 101 81 76 111 116 86 49 101 94 73 77 112 103 80 46 100 96 72
 93 40 91 89 84 93 97 100 91 -1 93 91 80 101 105 86 77 94 90 85 78 97 105 88 90 88 57 81 76 96 90 85 93 85 51 83
 97 93 41 99 84 104 100 107 97 93 -1 101 78 112 109 89 82 101 98 87 78 108 111 89 91 103 93 79 81 101 96 88 94 102 95 80
 107 90 101 42 92 49 118 109 104 91 101 -1 91 110 126 97 91 120 50 93 92 111 130 98 106 48 91 90 90 122 47 93 105 48 89 93
 78 79 78 91 48 98 96 93 77 80 78 91 -1 95 101 82 49 96 95 80 35 93 103 83 75 99 85 48 44 98 95 79 79 96 88 49
 117 100 109 112 94 110 107 49 115 102 112 111 95 -1 111 115 88 106 112 113 93 42 114 116 117 110 101 92 88 107 110 113 119 108 104 95
 119 105 108 123 99 125 64 109 117 105 109 126 101 111 -1 117 101 63 122 112 101 108 58 116 118 122 102 97 102 59 121 112 120 121 105 98
 86 84 88 93 84 95 111 113 85 86 89 97 82 115 117 -1 82 111 92 47 81 108 118 40 81 92 86 83 81 112 90 43 84 89 88 84
 80 76 81 91 55 95 98 92 80 77 82 91 49 88 100 82 -1 97 95 81 49 87 102 83 81 97 82 52 33 99 94 81 82 95 85 51
 116 94 102 118 98 118 55 104 113 94 101 120 96 106 63 111 97 -1 116 107 94 102 61 112 116 116 93 94 97 51 115 107 118 115 96 95
 104 89 98 48 93 51 113 111 101 90 98 50 95 110 122 92 95 116 -1 88 94 110 125 90 99 48 87 92 95 118 42 87 101 44 86 93
 82 82 85 92 81 94 109 111 81 85 87 93 80 113 112 47 81 107 88 -1 81 109 114 46 79 87 85 77 79 107 89 42 82 87 88 79
 77 78 78 92 49 97 96 90 76 78 78 92 35 93 101 81 49 94 94 81 -1 91 103 83 76 99 84 47 47 97 93 80 79 96 87 47
 114 96 107 111 91 108 102 49 111 97 108 111 93 42 108 108 87 102 110 109 91 -1 109 111 112 107 97 90 87 103 109 110 114 106 100 94
 120 105 111 126 99 128 63 110 116 105 111 130 103 114 58 118 104 61 125 114 103 109 -1 118 118 125 105 99 106 68 124 112 121 122 108 100
 88 86 88 92 86 96 111 114 86 88 89 98 83 116 116 40 83 112 90 46 83 111 118 -1 82 93 87 86 83 113 90 45 84 92 89 85
 42 89 91 100 71 103 114 110 49 90 94 106 75 117 118 81 81 116 99 79 76 112 118 82 -1 102 93 72 79 116 99 79 39 103 96 69
 103 87 102 48 102 42 115 111 101 88 103 48 100 110 122 92 98 116 48 87 99 107 125 93 102 -1 89 102 96 118 47 87 103 39 87 102
 95 56 91 89 85 94 92 100 94 57 93 91 85 101 102 86 82 93 87 85 84 97 105 87 93 89 -1 85 82 95 86 87 96 86 48 85
 75 79 81 93 45 101 94 88 73 82 79 92 48 92 97 83 52 95 92 77 47 90 99 86 72 102 85 -1 51 97 91 78 74 98 87 34
 79 74 80 92 52 94 98 91 77 77 81 90 44 88 102 81 33 99 95 79 47 87 106 83 79 96 82 51 -1 102 93 80 79 94 84 51
 116 96 101 119 99 119 61 105 112 96 101 122 98 106 59 112 99 51 118 107 97 103 68 113 116 118 95 97 101 -1 117 107 119 116 97 97
 106 89 98 46 93 51 112 109 103 90 96 47 95 110 121 90 94 115 42 89 93 109 124 90 99 47 86 91 93 117 -1 88 101 45 86 92
 82 83 86 88 81 91 109 110 80 85 88 93 79 113 112 43 81 107 87 42 80 110 112 45 79 87 87 78 79 107 88 -1 81 87 88 79
 51 92 94 100 73 105 115 112 46 93 97 105 79 119 120 84 82 118 101 82 79 114 121 84 39 103 96 74 79 119 101 81 -1 105 98 73
 102 85 100 44 99 44 113 107 100 85 102 48 96 108 121 89 95 115 44 87 96 106 122 92 103 39 86 98 94 116 45 87 105 -1 86 99
 98 51 93 88 88 92 96 102 96 51 95 89 88 104 105 88 85 96 86 88 87 100 108 89 96 87 48 87 84 97 86 88 98 86 -1 86
 75 81 81 94 46 102 95 90 72 84 80 93 49 95 98 84 51 95 93 79 47 94 100 85 69 102 85 34 51 97 92 79 73 99 86 -1