-1,178,248,207,229,177,187,157,59,178,249,207,226,213,240,166,230,179,189,156,228,214,241,165,183,188,209,132,157,241,171,174,184,189,209,135,
178,-1,258,188,242,164,188,164,177,82,261,188,248,185,269,165,243,167,189,165,252,186,271,166,73,175,190,182,207,273,147,160,95,173,192,183,
248,258,-1,314,173,248,272,301,246,256,41,314,173,314,77,252,172,252,270,303,173,314,79,251,249,266,318,263,272,86,241,244,247,259,318,260,
207,188,314,-1,290,162,131,152,207,188,321,48,289,123,328,157,292,163,134,149,292,125,333,161,195,160,44,203,142,323,150,164,195,160,47,201,
229,242,173,290,-1,236,250,266,227,240,173,291,93,293,178,230,65,240,249,269,92,292,177,226,234,260,293,230,265,193,226,231,233,258,293,231,
177,164,248,162,236,-1,160,155,175,164,251,161,214,148,265,148,238,62,161,157,217,151,269,149,166,128,162,178,170,255,90,94,165,123,164,175,
187,188,272,131,250,160,-1,162,190,188,276,134,245,162,274,98,251,165,51,159,249,164,279,94,189,193,138,135,157,254,160,160,188,193,136,134,
157,164,301,152,266,155,162,-1,154,163,305,150,276,138,300,147,267,157,164,68,278,135,300,149,169,161,152,154,193,293,149,149,170,160,152,148,
59,177,246,207,227,175,190,154,-1,178,248,207,225,212,240,165,228,177,193,160,228,213,241,164,180,188,210,137,152,243,170,174,182,189,209,133,
178,82,256,188,240,164,188,163,178,-1,259,189,245,187,265,163,241,165,188,164,248,188,268,164,94,175,192,182,209,271,148,161,75,174,193,183,
249,261,41,321,173,251,276,305,248,259,-1,322,171,322,78,257,170,257,274,306,172,322,73,257,253,272,325,263,280,77,245,248,252,265,325,261,
207,188,314,48,291,161,134,150,207,189,322,-1,289,122,326,157,293,164,137,150,291,124,332,161,195,162,53,205,147,324,151,165,197,162,43,206,
226,248,173,289,93,214,245,276,225,245,171,289,-1,285,180,230,89,217,243,279,53,285,181,226,239,252,292,236,266,182,227,219,236,246,293,236,
213,185,314,123,293,148,162,138,212,187,322,122,285,-1,335,183,292,147,163,131,288,47,341,182,190,147,122,219,162,321,149,157,190,146,123,218,
240,269,77,328,178,265,274,300,240,265,78,326,180,335,-1,268,178,271,273,300,182,334,46,267,263,287,330,251,295,59,257,253,261,284,329,248,
166,165,252,157,230,148,98,147,165,163,257,157,230,183,268,-1,230,152,104,143,232,184,272,44,164,172,165,109,142,250,126,144,163,170,161,110,
230,243,172,292,65,238,251,267,228,241,170,293,89,292,178,230,-1,241,248,270,98,293,178,225,235,263,295,229,266,194,227,233,233,262,295,230,
179,167,252,163,240,62,165,157,177,165,257,164,217,147,271,152,241,-1,164,154,217,150,274,154,168,130,163,179,170,260,98,115,167,131,164,177,
189,189,270,134,249,161,51,164,193,188,274,137,243,163,273,104,248,164,-1,161,247,165,277,88,189,193,138,137,160,252,161,160,188,192,139,139,
156,165,303,149,269,157,159,68,160,164,306,150,279,131,300,143,270,154,161,-1,282,137,302,144,171,159,150,155,188,297,147,150,171,159,150,155,
228,252,173,292,92,217,249,278,228,248,172,291,53,288,182,232,98,217,247,282,-1,289,181,228,242,256,295,237,270,184,231,223,240,249,295,238,
214,186,314,125,292,151,164,135,213,188,322,124,285,47,334,184,293,150,165,137,289,-1,341,185,191,149,123,223,163,322,150,160,192,149,126,224,
241,271,79,333,177,269,279,300,241,268,73,332,181,341,46,272,178,274,277,302,181,341,-1,269,268,297,335,254,297,55,260,258,266,293,335,251,
165,166,251,161,226,149,94,149,164,164,257,161,226,182,267,44,225,154,88,144,228,185,269,-1,166,174,166,108,144,249,126,145,164,173,163,109,
183,73,249,195,234,166,189,169,180,94,253,195,239,190,263,164,235,168,189,171,242,191,268,166,-1,175,197,182,206,264,152,159,70,174,198,182,
188,175,266,160,260,128,193,161,188,175,272,162,252,147,287,172,263,130,193,159,256,149,297,174,175,-1,165,194,183,293,142,139,177,57,164,198,
209,190,318,44,293,162,138,152,210,192,325,53,292,122,330,165,295,163,138,150,295,123,335,166,197,165,-1,206,158,326,155,165,198,164,48,205,
132,182,263,203,230,178,135,154,137,182,263,205,236,219,251,109,229,179,137,155,237,223,254,108,182,194,206,-1,185,254,165,177,180,194,205,60,
157,207,272,142,265,170,157,193,152,209,280,147,266,162,295,142,266,170,160,188,270,163,297,144,206,183,158,185,-1,286,162,173,206,182,156,184,
241,273,86,323,193,255,252,293,243,271,77,324,182,321,59,248,194,260,249,297,184,322,55,249,264,293,326,251,286,-1,254,245,263,292,326,251,
171,147,241,150,226,90,160,149,170,148,245,151,227,149,257,126,227,98,161,147,231,150,260,126,152,142,155,165,162,254,-1,107,151,139,154,163,
174,160,244,164,231,94,160,149,174,161,248,165,219,157,253,144,233,115,160,150,223,160,258,145,159,139,165,177,173,245,107,-1,159,137,167,177,
184,95,247,195,233,165,188,170,182,75,252,197,236,190,261,163,233,167,188,171,240,192,266,164,70,177,198,180,206,263,151,159,-1,175,200,181,
189,173,259,160,258,123,193,160,189,174,265,162,246,146,284,170,262,131,192,159,249,149,293,173,174,57,164,194,182,292,139,137,175,-1,164,198,
209,192,318,47,293,164,136,152,209,193,325,43,293,123,329,161,295,164,139,150,295,126,335,163,198,164,48,205,156,326,154,167,200,164,-1,204,
135,183,260,201,231,175,134,148,133,183,261,206,236,218,248,110,230,177,139,155,238,224,251,109,182,198,205,60,184,252,163,177,181,198,204,-1